-8.939966636005578504e-01 -0.000000000000000000e+00 -4.480736161291701269e-01
9.148326022227506460e-01 0.000000000000000000e+00 4.038332699398978209e-01
-9.334808608698778043e-01 -0.000000000000000000e+00 -3.586272192536866243e-01
9.498968451298981375e-01 0.000000000000000000e+00 3.125635673143406512e-01
-9.640412987280030377e-01 -0.000000000000000000e+00 -2.657524681857632576e-01
9.758803974018964711e-01 0.000000000000000000e+00 2.183058633356344536e-01
-9.853858297872598593e-01 -0.000000000000000000e+00 -1.703372139447903444e-01
9.925348651199806804e-01 0.000000000000000000e+00 1.219612295824442222e-01
-9.973104075932408552e-01 -0.000000000000000000e+00 -7.329359389608142150e-02
9.997010372394818933e-01 0.000000000000000000e+00 2.445068797199700592e-02
-9.997010372394822264e-01 -0.000000000000000000e+00 2.445068797198279853e-02
9.973104075932419654e-01 0.000000000000000000e+00 -7.329359389606725228e-02
-9.925348651199824568e-01 -0.000000000000000000e+00 1.219612295824301224e-01
9.853858297872623018e-01 0.000000000000000000e+00 -1.703372139447763278e-01
-9.758803974018994687e-01 -0.000000000000000000e+00 2.183058633356206035e-01
9.640412987280030377e-01 0.000000000000000000e+00 -2.657524681857632576e-01
-9.498968451299025784e-01 -0.000000000000000000e+00 3.125635673143271620e-01
9.334808608698880183e-01 0.000000000000000000e+00 -3.586272192536600900e-01
-9.148326022227564192e-01 -0.000000000000000000e+00 4.038332699398848313e-01
8.939966636005578504e-01 0.000000000000000000e+00 -4.480736161291701269e-01
8.772246268461386665e-01 -1.723571541409920915e-01 -4.480736161291701269e-01
-8.976696678927446049e-01 1.763741971915935569e-01 4.038332699398978209e-01
9.159680714540866520e-01 -1.799694687635913781e-01 -3.586272192536866243e-01
-9.320760797421832056e-01 1.831343713238369753e-01 3.125635673143406512e-01
9.459551729588934199e-01 -1.858613364997807882e-01 -2.657524681857632576e-01
-9.575721614100283219e-01 1.881438431780589338e-01 2.183058633356344536e-01
9.668992648733442108e-01 -1.899764330987220862e-01 -1.703372139447903444e-01
-9.739141790306278246e-01 1.913547239078158824e-01 1.219612295824442222e-01
9.786001288050055757e-01 -1.922754196370991819e-01 -7.329359389608142150e-02
-9.809459084759329928e-01 1.927363185858398942e-01 2.445068797199700592e-02
9.809459084759333258e-01 -1.927363185858399497e-01 2.445068797198279853e-02
-9.786001288050066860e-01 1.922754196370994040e-01 -7.329359389606725228e-02
9.739141790306296009e-01 -1.913547239078162154e-01 1.219612295824301224e-01
-9.668992648733465423e-01 1.899764330987225580e-01 -1.703372139447763278e-01
9.575721614100312085e-01 -1.881438431780595166e-01 2.183058633356206035e-01
-9.459551729588934199e-01 1.858613364997807882e-01 -2.657524681857632576e-01
9.320760797421875354e-01 -1.831343713238378357e-01 3.125635673143271620e-01
-9.159680714540966440e-01 1.799694687635933488e-01 -3.586272192536600900e-01
8.976696678927502671e-01 -1.763741971915946671e-01 4.038332699398848313e-01
-8.772246268461386665e-01 1.723571541409920915e-01 -4.480736161291701269e-01
-8.275378281415143311e-01 3.382472136230461057e-01 -4.480736161291701269e-01
8.468248435149893227e-01 -3.461305743436476900e-01 4.038332699398978209e-01
-8.640868088978489459e-01 3.531862175950535310e-01 -3.586272192536866243e-01
8.792824449829207412e-01 -3.593972709030920920e-01 3.125635673143406512e-01
-8.923754137683770349e-01 3.647488814991659556e-01 -2.657524681857632576e-01
9.033344054544180102e-01 -3.692282518383398493e-01 2.183058633356344536e-01
-9.121332133157907807e-01 3.728246702026795090e-01 -1.703372139447903444e-01
9.187507963711007974e-01 -3.755295363166608613e-01 1.219612295824442222e-01
-9.231713296990473605e-01 3.773363819133917496e-01 -7.329359389608142150e-02
9.253842422812635915e-01 -3.782408862024669860e-01 2.445068797199700592e-02
-9.253842422812639246e-01 3.782408862024671525e-01 2.445068797198279853e-02
9.231713296990483597e-01 -3.773363819133921937e-01 -7.329359389606725228e-02
-9.187507963711024628e-01 3.755295363166615275e-01 1.219612295824301224e-01
9.121332133157930011e-01 -3.728246702026804527e-01 -1.703372139447763278e-01
-9.033344054544207857e-01 3.692282518383410150e-01 2.183058633356206035e-01
8.923754137683770349e-01 -3.647488814991659556e-01 -2.657524681857632576e-01
-8.792824449829248490e-01 3.593972709030937573e-01 3.125635673143271620e-01
8.640868088978583827e-01 -3.531862175950574168e-01 -3.586272192536600900e-01
-8.468248435149946518e-01 3.461305743436498550e-01 4.038332699398848313e-01
8.275378281415143311e-01 -3.382472136230461057e-01 -4.480736161291701269e-01
7.468005894646371212e-01 -4.914457387181208614e-01 -4.480736161291701269e-01
-7.642059018988399677e-01 5.028996217861275708e-01 4.038332699398978209e-01
7.797837346997753549e-01 -5.131508985747161855e-01 -3.586272192536866243e-01
-7.934968359015746042e-01 5.221750547488105409e-01 3.125635673143406512e-01
8.053124127541517741e-01 -5.299505104415519474e-01 -2.657524681857632576e-01
-8.152022101419684752e-01 5.364586718591967118e-01 2.183058633356344536e-01
8.231425781517504037e-01 -5.416839757452829307e-01 -1.703372139447903444e-01
-8.291145286275799497e-01 5.456139265977401065e-01 1.219612295824442222e-01
8.331037805781191796e-01 -5.482391265499401145e-01 -7.329359389608142150e-02
-8.351007943273809353e-01 5.495532978442340122e-01 2.445068797199700592e-02
8.351007943273812684e-01 -5.495532978442341232e-01 2.445068797198279853e-02
-8.331037805781201788e-01 5.482391265499406696e-01 -7.329359389606725228e-02
8.291145286275815041e-01 -5.456139265977411057e-01 1.219612295824301224e-01
-8.231425781517524021e-01 5.416839757452842630e-01 -1.703372139447763278e-01
8.152022101419709177e-01 -5.364586718591983772e-01 2.183058633356206035e-01
-8.053124127541517741e-01 5.299505104415519474e-01 -2.657524681857632576e-01
7.934968359015783790e-01 -5.221750547488129834e-01 3.125635673143271620e-01
-7.797837346997839036e-01 5.131508985747217366e-01 -3.586272192536600900e-01
7.642059018988447416e-01 -5.028996217861307905e-01 4.038332699398848313e-01
-7.468005894646371212e-01 4.914457387181208614e-01 -4.480736161291701269e-01
-6.380422911021967902e-01 6.262044947890333946e-01 -4.480736161291701269e-01
6.529128276008749898e-01 -6.407991336166736218e-01 4.038332699398978209e-01
-6.662220245550994902e-01 6.538614009161823892e-01 -3.586272192536866243e-01
6.779380550890130586e-01 -6.653600603055912499e-01 3.125635673143406512e-01
-6.880329021366256015e-01 6.752676145282160425e-01 -2.657524681857632576e-01
6.964824254402729453e-01 -6.835603712080725591e-01 2.183058633356344536e-01
-7.032664192782903667e-01 6.902184995065102635e-01 -1.703372139447903444e-01
7.083686607838557414e-01 -6.952260775445817664e-01 1.219612295824442222e-01
-7.117769487394539629e-01 6.985711304777408870e-01 -7.329359389608142150e-02
7.134831327541920620e-01 -7.002456591318220180e-01 2.445068797199700592e-02
-7.134831327541922841e-01 7.002456591318222401e-01 2.445068797198279853e-02
7.117769487394547401e-01 -6.985711304777416641e-01 -7.329359389606725228e-02
-7.083686607838570737e-01 6.952260775445830987e-01 1.219612295824301224e-01
7.032664192782921431e-01 -6.902184995065119288e-01 -1.703372139447763278e-01
-6.964824254402751658e-01 6.835603712080746686e-01 2.183058633356206035e-01
6.880329021366256015e-01 -6.752676145282160425e-01 -2.657524681857632576e-01
-6.779380550890161672e-01 6.653600603055943585e-01 3.125635673143271620e-01
6.662220245551068176e-01 -6.538614009161894947e-01 -3.586272192536600900e-01
-6.529128276008792087e-01 6.407991336166776186e-01 4.038332699398848313e-01
6.380422911021967902e-01 -6.262044947890333946e-01 -4.480736161291701269e-01
5.053437048327708014e-01 -7.374671345319860905e-01 -4.480736161291701269e-01
-5.171215009316963984e-01 7.546549167426123139e-01 4.038332699398978209e-01
5.276626813377449654e-01 -7.700380590164550565e-01 -3.586272192536866243e-01
-5.369420384563993176e-01 7.835797749597804840e-01 3.125635673143406512e-01
5.449373821474080559e-01 -7.952476816637094048e-01 -2.657524681857632576e-01
-5.516295927890567663e-01 8.050138771429116158e-01 2.183058633356344536e-01
5.570026669997711899e-01 -8.128550070588657084e-01 -1.703372139447903444e-01
-5.610437559077178227e-01 8.187523205681308536e-01 1.219612295824442222e-01
5.637431958768829299e-01 -8.226917151620737334e-01 -7.329359389608142150e-02
-5.650945316161561927e-01 8.246637703908260564e-01 2.445068797199700592e-02
5.650945316161563037e-01 -8.246637703908262784e-01 2.445068797198279853e-02
-5.637431958768834850e-01 8.226917151620746216e-01 -7.329359389606725228e-02
5.610437559077188219e-01 -8.187523205681324079e-01 1.219612295824301224e-01
-5.570026669997725222e-01 8.128550070588677068e-01 -1.703372139447763278e-01
5.516295927890584316e-01 -8.050138771429141693e-01 2.183058633356206035e-01
-5.449373821474080559e-01 7.952476816637094048e-01 -2.657524681857632576e-01
5.369420384564018711e-01 -7.835797749597841477e-01 3.125635673143271620e-01
-5.276626813377507386e-01 7.700380590164634942e-01 -3.586272192536600900e-01
5.171215009316996181e-01 -7.546549167426170879e-01 4.038332699398848313e-01
-5.053437048327708014e-01 7.374671345319860905e-01 -4.480736161291701269e-01
-3.536838773503591105e-01 8.210589195857658229e-01 -4.480736161291701269e-01
3.619270127670522474e-01 -8.401949342379823049e-01 4.038332699398978209e-01
-3.693046559873128798e-01 8.573217532971274535e-01 -3.586272192536866243e-01
3.757991645240926770e-01 -8.723984206374559847e-01 3.125635673143406512e-01
-3.813950077696723895e-01 8.853888827524017957e-01 -2.657524681857632576e-01
3.860788041346966404e-01 -8.962620749709350187e-01 2.183058633356344536e-01
-3.898393530481645275e-01 9.049919957438933293e-01 -1.703372139447903444e-01
3.926676617418546344e-01 -9.115577688226471631e-01 1.219612295824442222e-01
-3.945569667551322435e-01 9.159436931814016747e-01 -7.329359389608142150e-02
3.955027501087142738e-01 -9.181392805637605958e-01 2.445068797199700592e-02
-3.955027501087143849e-01 9.181392805637608179e-01 2.445068797198279853e-02
3.945569667551326876e-01 -9.159436931814026739e-01 -7.329359389606725228e-02
-3.926676617418553561e-01 9.115577688226487174e-01 1.219612295824301224e-01
3.898393530481655267e-01 -9.049919957438956608e-01 -1.703372139447763278e-01
-3.860788041346978616e-01 8.962620749709376833e-01 2.183058633356206035e-01
3.813950077696723895e-01 -8.853888827524017957e-01 -2.657524681857632576e-01
-3.757991645240943979e-01 8.723984206374600925e-01 3.125635673143271620e-01
3.693046559873169321e-01 -8.573217532971367794e-01 -3.586272192536600900e-01
-3.619270127670545234e-01 8.401949342379876340e-01 4.038332699398848313e-01
3.536838773503591105e-01 -8.210589195857658229e-01 -4.480736161291701269e-01
1.887533090880558206e-01 -8.738433628730253311e-01 -4.480736161291701269e-01
-1.931524892226382240e-01 8.942095984704862000e-01 4.038332699398978209e-01
1.970897752010878357e-01 -9.124374708009052037e-01 -3.586272192536866243e-01
-2.005557516159626186e-01 9.284833907407767928e-01 3.125635673143406512e-01
2.035421301233858171e-01 -9.423089869665943752e-01 -2.657524681857632576e-01
-2.060417692633321474e-01 9.538811977139076692e-01 2.183058633356344536e-01
2.080486915373192525e-01 -9.631723498393919281e-01 -1.703372139447903444e-01
-2.095580977026664238e-01 9.701602249968702685e-01 1.219612295824442222e-01
2.105663782491374314e-01 -9.748281127690344716e-01 -7.329359389608142150e-02
-2.110711220305231950e-01 9.771648506278108881e-01 2.445068797199700592e-02
2.110711220305232505e-01 -9.771648506278111102e-01 2.445068797198279853e-02
-2.105663782491376534e-01 9.748281127690354708e-01 -7.329359389606725228e-02
2.095580977026668124e-01 -9.701602249968719338e-01 1.219612295824301224e-01
-2.080486915373197798e-01 9.631723498393942595e-01 -1.703372139447763278e-01
2.060417692633327857e-01 -9.538811977139106668e-01 2.183058633356206035e-01
-2.035421301233858171e-01 9.423089869665943752e-01 -2.657524681857632576e-01
2.005557516159635345e-01 -9.284833907407811227e-01 3.125635673143271620e-01
-1.970897752010899728e-01 9.124374708009151957e-01 -3.586272192536600900e-01
1.931524892226394452e-01 -8.942095984704917511e-01 4.038332699398848313e-01
-1.887533090880558206e-01 8.738433628730253311e-01 -4.480736161291701269e-01
-1.674043824803216410e-02 8.938399142218883542e-01 -4.480736161291701269e-01
1.713059937283973114e-02 -9.146721995637435709e-01 4.038332699398978209e-01
-1.747979533186966999e-02 9.333171885085606023e-01 -3.586272192536866243e-01
1.778719107726176377e-02 -9.497302944632831645e-01 3.125635673143406512e-01
-1.805205151986966766e-02 9.638722680361224704e-01 -2.657524681857632576e-01
1.827374328711235327e-02 -9.757092908953772792e-01 2.183058633356344536e-01
-1.845173623758617973e-02 9.852130566407172330e-01 -1.703372139447903444e-01
1.858560472881568004e-02 -9.923608384935402871e-01 1.219612295824442222e-01
-1.867502863511135910e-02 9.971355436445307197e-01 -7.329359389608142150e-02
1.871979411310054076e-02 -9.995257541284561231e-01 2.445068797199700592e-02
-1.871979411310054769e-02 9.995257541284564562e-01 2.445068797198279853e-02
1.867502863511137992e-02 -9.971355436445318299e-01 -7.329359389606725228e-02
-1.858560472881571127e-02 9.923608384935420634e-01 1.219612295824301224e-01
1.845173623758622483e-02 -9.852130566407196754e-01 -1.703372139447763278e-01
-1.827374328711240878e-02 9.757092908953802768e-01 2.183058633356206035e-01
1.805205151986966766e-02 -9.638722680361224704e-01 -2.657524681857632576e-01
-1.778719107726184703e-02 9.497302944632876054e-01 3.125635673143271620e-01
1.747979533186986428e-02 -9.333171885085708164e-01 -3.586272192536600900e-01
-1.713059937283983869e-02 9.146721995637493441e-01 4.038332699398848313e-01
1.674043824803216410e-02 -8.938399142218883542e-01 -4.480736161291701269e-01
-1.559005585280554829e-01 -8.802982735298129358e-01 -4.480736161291701269e-01
1.595340558339330417e-01 9.008149505413556302e-01 4.038332699398978209e-01
-1.627860522417873546e-01 -9.191774686130541605e-01 -3.586272192536866243e-01
1.656487711076694291e-01 9.353419166370405824e-01 3.125635673143406512e-01
-1.681153666843660799e-01 -9.492696398483182474e-01 -2.657524681857632576e-01
1.701799404919406289e-01 9.609273322616247448e-01 2.183058633356344536e-01
-1.718375554230305302e-01 -9.702871163175174063e-01 -1.703372139447903444e-01
1.730842475491724541e-01 9.773266095472255000e-01 1.219612295824442222e-01
-1.739170355999211104e-01 -9.820289780968440851e-01 -7.329359389608142150e-02
1.743339280920940260e-01 9.843829769828796872e-01 2.445068797199700592e-02
-1.743339280920940815e-01 -9.843829769828800202e-01 2.445068797198279853e-02
1.739170355999213047e-01 9.820289780968451954e-01 -7.329359389606725228e-02
-1.730842475491727595e-01 -9.773266095472272763e-01 1.219612295824301224e-01
1.718375554230309465e-01 9.702871163175198488e-01 -1.703372139447763278e-01
-1.701799404919411562e-01 -9.609273322616276314e-01 2.183058633356206035e-01
1.681153666843660799e-01 9.492696398483182474e-01 -2.657524681857632576e-01
-1.656487711076702063e-01 -9.353419166370450233e-01 3.125635673143271620e-01
1.627860522417891309e-01 9.191774686130642635e-01 -3.586272192536600900e-01
-1.595340558339340409e-01 -9.008149505413612923e-01 4.038332699398848313e-01
1.559005585280554829e-01 8.802982735298129358e-01 -4.480736161291701269e-01
3.226919363869177326e-01 8.337265431301743579e-01 -4.480736161291701269e-01
-3.302127579449705697e-01 -8.531577958267895223e-01 4.038332699398978209e-01
3.369439270176263213e-01 8.705488542616713898e-01 -3.586272192536866243e-01
-3.428693470602787730e-01 -8.858581304216787133e-01 3.125635673143406512e-01
3.479748483518884106e-01 8.990490145524074883e-01 -2.657524681857632576e-01
-3.522482218796686437e-01 -9.100899627047290830e-01 2.183058633356344536e-01
3.556792485350414035e-01 9.189545721672399692e-01 -1.703372139447903444e-01
-3.582597235510476263e-01 -9.256216446042438983e-01 1.219612295824442222e-01
3.599834761227718172e-01 9.300752367482761906e-01 -7.329359389608142150e-02
-3.608463841638628322e-01 -9.323046985259496600e-01 2.445068797199700592e-02
3.608463841638629988e-01 9.323046985259499930e-01 2.445068797198279853e-02
-3.599834761227722058e-01 -9.300752367482771898e-01 -7.329359389606725228e-02
3.582597235510482925e-01 9.256216446042455637e-01 1.219612295824301224e-01
-3.556792485350422917e-01 -9.189545721672421896e-01 -1.703372139447763278e-01
3.522482218796696984e-01 9.100899627047318585e-01 2.183058633356206035e-01
-3.479748483518884106e-01 -8.990490145524074883e-01 -2.657524681857632576e-01
3.428693470602803273e-01 8.858581304216828212e-01 3.125635673143271620e-01
-3.369439270176300405e-01 -8.705488542616808267e-01 -3.586272192536600900e-01
3.302127579449726236e-01 8.531577958267948514e-01 4.038332699398848313e-01
-3.226919363869177326e-01 -8.337265431301743579e-01 -4.480736161291701269e-01
-4.773754368055141417e-01 -7.558721630432447824e-01 -4.480736161291701269e-01
4.885013902972895061e-01 7.734889021616694338e-01 4.038332699398978209e-01
-4.984591686423238133e-01 -7.892559627945623379e-01 -3.586272192536866243e-01
5.072249593614500673e-01 8.031356404671062821e-01 3.125635673143406512e-01
-5.147778004286372999e-01 -8.150947440874765082e-01 -2.657524681857632576e-01
5.210996303984174460e-01 8.251046753181781046e-01 2.183058633356344536e-01
-5.261753315970245648e-01 -8.331414969645238866e-01 -1.703372139447903444e-01
5.299927662739626344e-01 8.391859902167165819e-01 1.219612295824442222e-01
-5.325428056275484101e-01 -8.432237006086436004e-01 -7.329359389608142150e-02
5.338193516350225876e-01 8.452449725834871863e-01 2.445068797199700592e-02
-5.338193516350228096e-01 -8.452449725834875194e-01 2.445068797198279853e-02
5.325428056275490762e-01 8.432237006086444886e-01 -7.329359389606725228e-02
-5.299927662739635226e-01 -8.391859902167180252e-01 1.219612295824301224e-01
5.261753315970258971e-01 8.331414969645259960e-01 -1.703372139447763278e-01
-5.210996303984191114e-01 -8.251046753181806581e-01 2.183058633356206035e-01
5.147778004286372999e-01 8.150947440874765082e-01 -2.657524681857632576e-01
-5.072249593614525098e-01 -8.031356404671100568e-01 3.125635673143271620e-01
4.984591686423292534e-01 7.892559627945709977e-01 -3.586272192536600900e-01
-4.885013902972926148e-01 -7.734889021616743188e-01 4.038332699398848313e-01
4.773754368055141417e-01 7.558721630432447824e-01 -4.480736161291701269e-01
6.141471066821313496e-01 6.496563444490447425e-01 -4.480736161291701269e-01
-6.284607299212708886e-01 -6.647975639519694280e-01 4.038332699398978209e-01
6.412714870069486928e-01 6.783490234107106831e-01 -3.586272192536866243e-01
-6.525487430047803850e-01 -6.902783166162869133e-01 3.125635673143406512e-01
6.622655301098797631e-01 7.005569165181760871e-01 -2.657524681857632576e-01
-6.703986121361731332e-01 -7.091602434423240897e-01 2.183058633356344536e-01
6.769285400821255516e-01 7.160677238696132596e-01 -1.703372139447903444e-01
-6.818396986400063753e-01 -7.212628396342372072e-01 1.219612295824442222e-01
6.851203435374697559e-01 7.247331674243256971e-01 -7.329359389608142150e-02
-6.867626296221562843e-01 -7.264704084903643722e-01 2.445068797199700592e-02
6.867626296221565063e-01 7.264704084903645942e-01 2.445068797198279853e-02
-6.851203435374704220e-01 -7.247331674243264743e-01 -7.329359389606725228e-02
6.818396986400075965e-01 7.212628396342385395e-01 1.219612295824301224e-01
-6.769285400821272169e-01 -7.160677238696150360e-01 -1.703372139447763278e-01
6.703986121361751316e-01 7.091602434423261991e-01 2.183058633356206035e-01
-6.622655301098797631e-01 -7.005569165181760871e-01 -2.657524681857632576e-01
6.525487430047833826e-01 6.902783166162901329e-01 3.125635673143271620e-01
-6.412714870069556872e-01 -6.783490234107181216e-01 -3.586272192536600900e-01
6.284607299212747744e-01 6.647975639519736468e-01 4.038332699398848313e-01
-6.141471066821313496e-01 -6.496563444490447425e-01 -4.480736161291701269e-01
-7.278750712178176929e-01 -5.190644615349675473e-01 -4.480736161291701269e-01
7.448392959470666597e-01 5.311620405325737648e-01 4.038332699398978209e-01
-7.600223532710151941e-01 -5.419894280691796018e-01 -3.586272192536866243e-01
7.733879352679874364e-01 5.515207321304005372e-01 3.125635673143406512e-01
-7.849040802260605076e-01 -5.597331600840321775e-01 -2.657524681857632576e-01
7.945432490745308884e-01 5.666070731850877396e-01 2.183058633356344536e-01
-8.022823912393207690e-01 -5.721260335388035356e-01 -1.703372139447903444e-01
8.081029997648441210e-01 5.762768434093101799e-01 1.219612295824442222e-01
-8.119911555705139339e-01 -5.790495767799659355e-01 -7.329359389608142150e-02
8.139375607360600506e-01 5.804376030898829031e-01 2.445068797199700592e-02
-8.139375607360603837e-01 -5.804376030898831251e-01 2.445068797198279853e-02
8.119911555705148221e-01 5.790495767799664906e-01 -7.329359389606725228e-02
-8.081029997648455643e-01 -5.762768434093111791e-01 1.219612295824301224e-01
8.022823912393227674e-01 5.721260335388049789e-01 -1.703372139447763278e-01
-7.945432490745333309e-01 -5.666070731850894049e-01 2.183058633356206035e-01
7.849040802260605076e-01 5.597331600840321775e-01 -2.657524681857632576e-01
-7.733879352679911001e-01 -5.515207321304030907e-01 3.125635673143271620e-01
7.600223532710235208e-01 5.419894280691854860e-01 -3.586272192536600900e-01
-7.448392959470714336e-01 -5.311620405325770955e-01 4.038332699398848313e-01
7.278750712178176929e-01 5.190644615349675473e-01 -4.480736161291701269e-01
8.142920894286573841e-01 3.689965143776300915e-01 -4.480736161291701269e-01
-8.332703929130799159e-01 -3.775965338613835320e-01 4.038332699398978209e-01
8.502560597687226496e-01 3.852935899245333862e-01 -3.586272192536866243e-01
-8.652084714133958521e-01 -3.920692762538641185e-01 3.125635673143406512e-01
8.780918714787161461e-01 3.979073898486691907e-01 -2.657524681857632576e-01
-8.888754513159045079e-01 -4.027939697677094810e-01 2.183058633356344536e-01
8.975334236698805368e-01 4.067173305146333795e-01 -1.703372139447903444e-01
-9.040450843454751473e-01 -4.096680899820256960e-01 1.219612295824442222e-01
9.083948617182951990e-01 4.116391918872590594e-01 -7.329359389608142150e-02
-9.105723539718428849e-01 -4.126259226464970009e-01 2.445068797199700592e-02
9.105723539718432180e-01 4.126259226464971674e-01 2.445068797198279853e-02
-9.083948617182961982e-01 -4.116391918872595035e-01 -7.329359389606725228e-02
9.040450843454767016e-01 4.096680899820264177e-01 1.219612295824301224e-01
-8.975334236698827572e-01 -4.067173305146343787e-01 -1.703372139447763278e-01
8.888754513159072834e-01 4.027939697677107578e-01 2.183058633356206035e-01
-8.780918714787161461e-01 -3.979073898486691907e-01 -2.657524681857632576e-01
8.652084714133998489e-01 3.920692762538659504e-01 3.125635673143271620e-01
-8.502560597687319754e-01 -3.852935899245376050e-01 -3.586272192536600900e-01
8.332703929130852449e-01 3.775965338613859190e-01 4.038332699398848313e-01
-8.142920894286573841e-01 -3.689965143776300915e-01 -4.480736161291701269e-01
-8.701556673218950877e-01 -2.050832737122081084e-01 -4.480736161291701269e-01
8.904359556207930293e-01 2.098630482656120289e-01 4.038332699398978209e-01
-9.085869047329839798e-01 -2.141409679582671755e-01 -3.586272192536866243e-01
9.245651094848823526e-01 2.179068028101489862e-01 3.125635673143406512e-01
-9.383323604833287979e-01 -2.211515474125358427e-01 -2.657524681857632576e-01
9.498557354874154202e-01 2.238674424630444082e-01 2.183058633356344536e-01
-9.591076781369067827e-01 -2.260479933207950043e-01 -1.703372139447903444e-01
9.660660638489937391e-01 2.276879855373361294e-01 1.219612295824442222e-01
-9.707142527257930364e-01 -2.287834973261871352e-01 -7.329359389608142150e-02
9.730411293460773381e-01 2.293319089411813005e-01 2.445068797199700592e-02
-9.730411293460776712e-01 -2.293319089411813838e-01 2.445068797198279853e-02
9.707142527257940356e-01 2.287834973261873850e-01 -7.329359389606725228e-02
-9.660660638489955154e-01 -2.276879855373365180e-01 1.219612295824301224e-01
9.591076781369092252e-01 2.260479933207955872e-01 -1.703372139447763278e-01
-9.498557354874183067e-01 -2.238674424630451021e-01 2.183058633356206035e-01
9.383323604833287979e-01 2.211515474125358427e-01 -2.657524681857632576e-01
-9.245651094848866824e-01 -2.179068028101500132e-01 3.125635673143271620e-01
9.085869047329939718e-01 2.141409679582695069e-01 -3.586272192536600900e-01
-8.904359556207986914e-01 -2.098630482656133334e-01 4.038332699398848313e-01
8.701556673218950877e-01 2.050832737122081084e-01 -4.480736161291701269e-01
8.933697210533507738e-01 3.347500610884505956e-02 -4.480736161291701269e-01
-9.141910478352928138e-01 -3.425519154024512375e-02 4.038332699398978209e-01
9.328262288197695096e-01 3.495346100538803541e-02 -3.586272192536866243e-01
-9.492307008679372604e-01 -3.556814470138045664e-02 3.125635673143406512e-01
9.633652352346526726e-01 3.609777270770419405e-02 -2.657524681857632576e-01
-9.751960313779199918e-01 -3.654107850130262902e-02 2.183058633356344536e-01
9.846947977876320257e-01 3.689700198527373631e-02 -1.703372139447903444e-01
-9.918388196403208346e-01 -3.716469202392706089e-02 1.219612295824442222e-01
9.966110131181268317e-01 3.734350847814244673e-02 -7.329359389608142150e-02
-9.989999662620934195e-01 -3.743302373616320955e-02 2.445068797199700592e-02
9.989999662620937526e-01 3.743302373616321649e-02 2.445068797198279853e-02
-9.966110131181279419e-01 -3.734350847814248836e-02 -7.329359389606725228e-02
9.918388196403226109e-01 3.716469202392713028e-02 1.219612295824301224e-01
-9.846947977876343572e-01 -3.689700198527382652e-02 -1.703372139447763278e-01
9.751960313779229894e-01 3.654107850130274698e-02 2.183058633356206035e-01
-9.633652352346526726e-01 -3.609777270770419405e-02 -2.657524681857632576e-01
9.492307008679417013e-01 3.556814470138062317e-02 3.125635673143271620e-01
-9.328262288197797236e-01 -3.495346100538841705e-02 -3.586272192536600900e-01
9.141910478352985869e-01 3.425519154024534579e-02 4.038332699398848313e-01
-8.933697210533507738e-01 -3.347500610884505956e-02 -4.480736161291701269e-01
-8.830632250851102594e-01 1.393892931010583813e-01 -4.480736161291701269e-01
9.036443434567219546e-01 -1.426379704998614606e-01 4.038332699398978209e-01
-9.220645368351071403e-01 1.455455513625459329e-01 -3.586272192536866243e-01
9.382797561908663431e-01 -1.481050826614062621e-01 3.125635673143406512e-01
-9.522512253472545929e-01 1.503104436751711848e-01 -2.657524681857632576e-01
9.639455337073811192e-01 -1.521563606257572698e-01 2.183058633356344536e-01
-9.733347161504577461e-01 1.536384192896894929e-01 -1.703372139447903444e-01
9.803963199060401479e-01 -1.547530755540306446e-01 1.219612295824442222e-01
-9.851134582463374478e-01 1.554976638915764320e-01 -7.329359389608142150e-02
9.874748508681973069e-01 -1.558704037350495397e-01 2.445068797199700592e-02
-9.874748508681976400e-01 1.558704037350495952e-01 2.445068797198279853e-02
9.851134582463385581e-01 -1.554976638915765985e-01 -7.329359389606725228e-02
-9.803963199060419242e-01 1.547530755540309222e-01 1.219612295824301224e-01
9.733347161504601885e-01 -1.536384192896898815e-01 -1.703372139447763278e-01
-9.639455337073841168e-01 1.521563606257577417e-01 2.183058633356206035e-01
9.522512253472545929e-01 -1.503104436751711848e-01 -2.657524681857632576e-01
-9.382797561908707840e-01 1.481050826614069560e-01 3.125635673143271620e-01
9.220645368351172433e-01 -1.455455513625475428e-01 -3.586272192536600900e-01
-9.036443434567277277e-01 1.426379704998623765e-01 4.038332699398848313e-01
8.830632250851102594e-01 -1.393892931010583813e-01 -4.480736161291701269e-01
8.396228943485078977e-01 -3.070235004275135848e-01 -4.480736161291701269e-01
-8.591915703902900381e-01 3.141791454885523582e-01 4.038332699398978209e-01
8.767056233363045292e-01 -3.205834799562666260e-01 -3.586272192536866243e-01
-8.921231710511540181e-01 3.262211888602076226e-01 3.125635673143406512e-01
9.054073448658397361e-01 -3.310787904958050754e-01 -2.657524681857632576e-01
-9.165263777434539127e-01 3.351446686637682970e-01 2.183058633356344536e-01
9.254536802451093225e-01 -3.384091004484212073e-01 -1.703372139447903444e-01
-9.321679041144511624e-01 3.408642794685440847e-01 1.219612295824442222e-01
9.366529933286928955e-01 -3.425043345451206367e-01 -7.329359389608142150e-02
-9.388982224940995991e-01 3.433253437413503195e-01 2.445068797199700592e-02
9.388982224940999322e-01 -3.433253437413504305e-01 2.445068797198279853e-02
-9.366529933286938947e-01 3.425043345451210253e-01 -7.329359389606725228e-02
9.321679041144528277e-01 -3.408642794685446953e-01 1.219612295824301224e-01
-9.254536802451116539e-01 3.384091004484220400e-01 -1.703372139447763278e-01
9.165263777434567993e-01 -3.351446686637693517e-01 2.183058633356206035e-01
-9.054073448658397361e-01 3.310787904958050754e-01 -2.657524681857632576e-01
8.921231710511581259e-01 -3.262211888602091769e-01 3.125635673143271620e-01
-8.767056233363140771e-01 3.205834799562701232e-01 -3.586272192536600900e-01
8.591915703902953672e-01 -3.141791454885543011e-01 4.038332699398848313e-01
-8.396228943485078977e-01 3.070235004275135848e-01 -4.480736161291701269e-01
-7.646786741294777645e-01 4.631377331426504429e-01 -4.480736161291701269e-01
7.825006622515502386e-01 -4.739318555082943085e-01 4.038332699398978209e-01
-7.984514216645408613e-01 4.835926435050906802e-01 -3.586272192536866243e-01
8.124928086065523747e-01 -4.920969948601291444e-01 3.125635673143406512e-01
-8.245912452831766215e-01 4.994245727389819978e-01 -2.657524681857632576e-01
8.347178001635714439e-01 -5.055578543780833156e-01 2.183058633356344536e-01
-8.428482571657183176e-01 5.104821729876938274e-01 -1.703372139447903444e-01
8.489631735654200595e-01 -5.141857528252494758e-01 1.219612295824442222e-01
-8.530479264905531656e-01 5.166597373552190842e-01 -7.329359389608142150e-02
8.550927478893934897e-01 -5.178982104281324439e-01 2.445068797199700592e-02
-8.550927478893937117e-01 5.178982104281325549e-01 2.445068797198279853e-02
8.530479264905541648e-01 -5.166597373552196393e-01 -7.329359389606725228e-02
-8.489631735654216138e-01 5.141857528252503640e-01 1.219612295824301224e-01
8.428482571657204270e-01 -5.104821729876951597e-01 -1.703372139447763278e-01
-8.347178001635739975e-01 5.055578543780848699e-01 2.183058633356206035e-01
8.245912452831766215e-01 -4.994245727389819978e-01 -2.657524681857632576e-01
-8.124928086065561494e-01 4.920969948601314203e-01 3.125635673143271620e-01
7.984514216645495210e-01 -4.835926435050960093e-01 -3.586272192536600900e-01
-7.825006622515552346e-01 4.739318555082973061e-01 4.038332699398848313e-01
7.646786741294777645e-01 -4.631377331426504429e-01 -4.480736161291701269e-01
6.610425821171745930e-01 -6.018743549585638952e-01 -4.480736161291701269e-01
-6.764491750368584189e-01 6.159019432357745183e-01 4.038332699398978209e-01
6.902381448954681975e-01 -6.284566977458595494e-01 -3.586272192536866243e-01
-7.023765175148176665e-01 6.395085957448035652e-01 3.125635673143406512e-01
7.128352658634641292e-01 -6.490312083363473095e-01 -2.657524681857632576e-01
-7.215893794703437392e-01 6.570017636725853372e-01 2.183058633356344536e-01
7.286179242334238637e-01 -6.634012014093004783e-01 -1.703372139447903444e-01
-7.339040924803561516e-01 6.682142182858151758e-01 1.219612295824442222e-01
7.374352431614112913e-01 -6.714293047203602205e-01 -7.329359389608142150e-02
-7.392029320785851176e-01 6.730387723334507744e-01 2.445068797199700592e-02
7.392029320785853397e-01 -6.730387723334509964e-01 2.445068797198279853e-02
-7.374352431614120684e-01 6.714293047203609976e-01 -7.329359389606725228e-02
7.339040924803574839e-01 -6.682142182858163970e-01 1.219612295824301224e-01
-7.286179242334256401e-01 6.634012014093021437e-01 -1.703372139447763278e-01
7.215893794703458486e-01 -6.570017636725873356e-01 2.183058633356206035e-01
-7.128352658634641292e-01 6.490312083363473095e-01 -2.657524681857632576e-01
7.023765175148209972e-01 -6.395085957448065628e-01 3.125635673143271620e-01
-6.902381448954758580e-01 6.284566977458664327e-01 -3.586272192536600900e-01
6.764491750368626377e-01 -6.159019432357784041e-01 4.038332699398848313e-01
-6.610425821171745930e-01 6.018743549585638952e-01 -4.480736161291701269e-01
-5.326031973524267826e-01 7.180277631811328165e-01 -4.480736161291701269e-01
5.450163169778677874e-01 -7.347624815663426068e-01 4.038332699398978209e-01
-5.561261147935704363e-01 7.497401296815962013e-01 -3.586272192536866243e-01
5.659060234448631821e-01 -7.629248908094136139e-01 3.125635673143406512e-01
-5.743326558003052362e-01 7.742852356428753247e-01 -2.657524681857632576e-01
5.813858608783768478e-01 -7.837939976830595734e-01 2.183058633356344536e-01
-5.870487720354187200e-01 7.914284382035015053e-01 -1.703372139447903444e-01
5.913078472995898505e-01 -7.971703006263236579e-01 1.219612295824442222e-01
-5.941529017543870639e-01 8.010058541800040288e-01 -7.329359389608142150e-02
5.955771318942910675e-01 -8.029259267343820117e-01 2.445068797199700592e-02
-5.955771318942912895e-01 8.029259267343823447e-01 2.445068797198279853e-02
5.941529017543877300e-01 -8.010058541800049170e-01 -7.329359389606725228e-02
-5.913078472995908497e-01 7.971703006263251012e-01 1.219612295824301224e-01
5.870487720354201633e-01 -7.914284382035035037e-01 -1.703372139447763278e-01
-5.813858608783786242e-01 7.837939976830620159e-01 2.183058633356206035e-01
5.743326558003052362e-01 -7.742852356428753247e-01 -2.657524681857632576e-01
-5.659060234448658466e-01 7.629248908094171666e-01 3.125635673143271620e-01
5.561261147935765425e-01 -7.497401296816044169e-01 -3.586272192536600900e-01
-5.450163169778712291e-01 7.347624815663471587e-01 4.038332699398848313e-01
5.326031973524267826e-01 -7.180277631811328165e-01 -4.480736161291701269e-01
3.841797550061951672e-01 -8.072397106016953039e-01 -4.480736161291701269e-01
-3.931336427790635413e-01 8.260536477765310082e-01 4.038332699398978209e-01
4.011474125502967336e-01 -8.428922060468765354e-01 -3.586272192536866243e-01
-4.082019006350733337e-01 8.577151186178586517e-01 3.125635673143406512e-01
4.142802373216231682e-01 -8.704869387980007645e-01 -2.657524681857632576e-01
-4.193678872125211621e-01 8.811771247644762939e-01 2.183058633356344536e-01
4.234526839838305134e-01 -8.897601125991302373e-01 -1.703372139447903444e-01
-4.265248594789758374e-01 8.962153774206165213e-01 1.219612295824442222e-01
4.285770670677711558e-01 -9.005274824664616373e-01 -7.329359389608142150e-02
-4.296043992147441370e-01 9.026861160076822266e-01 2.445068797199700592e-02
4.296043992147442481e-01 -9.026861160076825596e-01 2.445068797198279853e-02
-4.285770670677716554e-01 9.005274824664626365e-01 -7.329359389606725228e-02
4.265248594789766146e-01 -8.962153774206181867e-01 1.219612295824301224e-01
-4.234526839838315682e-01 8.897601125991323467e-01 -1.703372139447763278e-01
4.193678872125224388e-01 -8.811771247644790694e-01 2.183058633356206035e-01
-4.142802373216231682e-01 8.704869387980007645e-01 -2.657524681857632576e-01
4.082019006350752210e-01 -8.577151186178626485e-01 3.125635673143271620e-01
-4.011474125503011190e-01 8.428922060468857502e-01 -3.586272192536600900e-01
3.931336427790660393e-01 -8.260536477765362262e-01 4.038332699398848313e-01
-3.841797550061951672e-01 8.072397106016953039e-01 -4.480736161291701269e-01
-2.213413215674534251e-01 8.661628333608537567e-01 -4.480736161291701269e-01
2.265000144110713431e-01 -8.863500626510013580e-01 4.038332699398978209e-01
-2.311170676753003805e-01 9.044177235324055708e-01 -3.586272192536866243e-01
2.351814403948913057e-01 -9.203226100023392808e-01 3.125635673143406512e-01
-2.386834132542138553e-01 9.340266879969185698e-01 -2.657524681857632576e-01
2.416146118294894285e-01 -9.454971863436550938e-01 2.183058633356344536e-01
-2.439680266149236165e-01 9.547066751286211739e-01 -1.703372139447903444e-01
2.457380297848502926e-01 -9.616331312908256157e-01 1.219612295824442222e-01
-2.469203886518014923e-01 9.662599912869410668e-01 -7.329359389608142150e-02
2.475122757883218838e-01 -9.685761907004434290e-01 2.445068797199700592e-02
-2.475122757883219671e-01 9.685761907004436511e-01 2.445068797198279853e-02
2.469203886518017699e-01 -9.662599912869421770e-01 -7.329359389606725228e-02
-2.457380297848507089e-01 9.616331312908273921e-01 1.219612295824301224e-01
2.439680266149242271e-01 -9.547066751286235053e-01 -1.703372139447763278e-01
-2.416146118294901501e-01 9.454971863436580914e-01 2.183058633356206035e-01
2.386834132542138553e-01 -9.340266879969185698e-01 -2.657524681857632576e-01
-2.351814403948924159e-01 9.203226100023436107e-01 3.125635673143271620e-01
2.311170676753029063e-01 -9.044177235324154518e-01 -3.586272192536600900e-01
-2.265000144110727864e-01 8.863500626510069091e-01 4.038332699398848313e-01
2.213413215674534251e-01 -8.661628333608537567e-01 -4.480736161291701269e-01
5.019783525379432898e-02 -8.925862489780815867e-01 -4.480736161291701269e-01
-5.136777140333495528e-02 9.133893157633847792e-01 4.038332699398978209e-01
5.241486951169756908e-02 -9.320081539688587213e-01 -3.586272192536866243e-01
-5.333662560650730827e-02 9.483982395368756313e-01 3.125635673143406512e-01
5.413083545133268865e-02 -9.625203781253234281e-01 -2.657524681857632576e-01
-5.479559981677449565e-02 9.743407988347830839e-01 2.183058633356344536e-01
5.532932902217759658e-02 -9.838312349663850265e-01 -1.703372139447903444e-01
-5.573074673710524257e-02 9.909689916172266244e-01 1.219612295824442222e-01
5.599889303348484781e-02 -9.957369999517043935e-01 -7.329359389608142150e-02
-5.613312668112680620e-02 9.981238580189818466e-01 2.445068797199700592e-02
5.613312668112682702e-02 -9.981238580189821796e-01 2.445068797198279853e-02
-5.599889303348491026e-02 9.957369999517055037e-01 -7.329359389606725228e-02
5.573074673710534666e-02 -9.909689916172284008e-01 1.219612295824301224e-01
-5.532932902217773535e-02 9.838312349663874690e-01 -1.703372139447763278e-01
5.479559981677466218e-02 -9.743407988347860815e-01 2.183058633356206035e-01
-5.413083545133268865e-02 9.625203781253234281e-01 -2.657524681857632576e-01
5.333662560650755807e-02 -9.483982395368800722e-01 3.125635673143271620e-01
-5.241486951169814501e-02 9.320081539688689354e-01 -3.586272192536600900e-01
5.136777140333528141e-02 -9.133893157633905524e-01 4.038332699398848313e-01
-5.019783525379432898e-02 8.925862489780815867e-01 -4.480736161291701269e-01
1.228291478829471456e-01 8.855185119235385871e-01 -4.480736161291701269e-01
-1.256918661575298912e-01 -9.061568544526312774e-01 4.038332699398978209e-01
1.282540118705824128e-01 9.246282637089722201e-01 -3.586272192536866243e-01
-1.305094580488682654e-01 -9.408885681883505381e-01 3.125635673143406512e-01
1.324528111434178090e-01 9.548988838999555862e-01 -2.657524681857632576e-01
-1.340794239273623845e-01 -9.666257073513977449e-01 2.183058633356344536e-01
1.353854066090548203e-01 9.760409956671018961e-01 -1.703372139447903444e-01
-1.363676361339018206e-01 -9.831222336484868318e-01 1.219612295824442222e-01
1.370237636526634162e-01 9.878524876155625467e-01 -7.329359389608142150e-02
-1.373522201383608754e-01 -9.902204459011938464e-01 2.445068797199700592e-02
1.373522201383609032e-01 9.902204459011941795e-01 2.445068797198279853e-02
-1.370237636526635550e-01 -9.878524876155636569e-01 -7.329359389606725228e-02
1.363676361339020704e-01 9.831222336484886082e-01 1.219612295824301224e-01
-1.353854066090551533e-01 -9.760409956671043386e-01 -1.703372139447763278e-01
1.340794239273627730e-01 9.666257073514007425e-01 2.183058633356206035e-01
-1.324528111434178090e-01 -9.548988838999555862e-01 -2.657524681857632576e-01
1.305094580488688760e-01 9.408885681883549790e-01 3.125635673143271620e-01
-1.282540118705838283e-01 -9.246282637089823231e-01 -3.586272192536600900e-01
1.256918661575306961e-01 9.061568544526369395e-01 4.038332699398848313e-01
-1.228291478829471456e-01 -8.855185119235385871e-01 -4.480736161291701269e-01
-2.912474002118803917e-01 -8.452248141167826301e-01 -4.480736161291701269e-01
2.980353594982691479e-01 8.649240513353684268e-01 4.038332699398978209e-01
-3.041106135462878224e-01 -8.825549571210103972e-01 -3.586272192536866243e-01
3.094586343301621301e-01 8.980753699029078163e-01 3.125635673143406512e-01
-3.140666328894344272e-01 -9.114481750262425352e-01 -2.657524681857632576e-01
3.179235899117752173e-01 9.226413935061079652e-01 2.183058633356344536e-01
-3.210202820839552218e-01 -9.316282585002799710e-01 -1.703372139447903444e-01
3.233493041479660879e-01 9.383872793179606209e-01 1.219612295824442222e-01
-3.249050866095434809e-01 -9.429022928114244584e-01 -7.329359389608142150e-02
3.256839090567469897e-01 9.451625020276738232e-01 2.445068797199700592e-02
-3.256839090567471007e-01 -9.451625020276741562e-01 2.445068797198279853e-02
3.249050866095438694e-01 9.429022928114254576e-01 -7.329359389606725228e-02
-3.233493041479666985e-01 -9.383872793179622862e-01 1.219612295824301224e-01
3.210202820839560545e-01 9.316282585002823025e-01 -1.703372139447763278e-01
-3.179235899117762165e-01 -9.226413935061107408e-01 2.183058633356206035e-01
3.140666328894344272e-01 9.114481750262425352e-01 -2.657524681857632576e-01
-3.094586343301635734e-01 -8.980753699029120352e-01 3.125635673143271620e-01
3.041106135462911531e-01 8.825549571210200561e-01 -3.586272192536600900e-01
-2.980353594982709797e-01 -8.649240513353738669e-01 4.038332699398848313e-01
2.912474002118803917e-01 8.452248141167826301e-01 -4.480736161291701269e-01
4.487376204801359902e-01 7.732170345347769702e-01 -4.480736161291701269e-01
-4.591961265333202591e-01 -7.912380220050376778e-01 4.038332699398978209e-01
4.685565364231147334e-01 8.073668867284207185e-01 -3.586272192536866243e-01
-4.767964661841639362e-01 -8.215650590318621660e-01 3.125635673143406512e-01
4.838962113051828995e-01 8.337985861931314080e-01 -2.657524681857632576e-01
-4.898387938492338445e-01 -8.440382136334890761e-01 2.183058633356344536e-01
4.946100030538227998e-01 8.522594548754647281e-01 -1.703372139447903444e-01
-4.981984293137298736e-01 -8.584426500984622121e-01 1.219612295824442222e-01
5.005954914653063526e-01 8.625730131521648358e-01 -7.329359389608142150e-02
-5.017954573069941526e-01 -8.646406669153150482e-01 2.445068797199700592e-02
5.017954573069942636e-01 8.646406669153152702e-01 2.445068797198279853e-02
-5.005954914653069077e-01 -8.625730131521657240e-01 -7.329359389606725228e-02
4.981984293137307618e-01 8.584426500984637665e-01 1.219612295824301224e-01
-4.946100030538240211e-01 -8.522594548754668375e-01 -1.703372139447763278e-01
4.898387938492353433e-01 8.440382136334916297e-01 2.183058633356206035e-01
-4.838962113051828995e-01 -8.337985861931314080e-01 -2.657524681857632576e-01
4.767964661841661567e-01 8.215650590318660518e-01 3.125635673143271620e-01
-4.685565364231198959e-01 -8.073668867284296002e-01 -3.586272192536600900e-01
4.591961265333231457e-01 7.912380220050426738e-01 4.038332699398848313e-01
-4.487376204801359902e-01 -7.732170345347769702e-01 -4.480736161291701269e-01
-5.893905433171451325e-01 -6.721970112825921273e-01 -4.480736161291701269e-01
6.031271775631806831e-01 6.878635749727710635e-01 4.038332699398978209e-01
-6.154215269086048545e-01 -7.018852198385783225e-01 -3.586272192536866243e-01
6.262441913278784522e-01 7.142284152957127930e-01 3.125635673143406512e-01
-6.355692901012179874e-01 -7.248636445107510262e-01 -2.657524681857632576e-01
6.433745237043145826e-01 7.337654749860677006e-01 2.183058633356344536e-01
-6.496412271341799327e-01 -7.409126193776992553e-01 -1.703372139447903444e-01
6.543544145436001047e-01 7.462879864007195829e-01 1.219612295824442222e-01
-6.575028150774598901e-01 -7.498787217003904937e-01 -7.329359389608142150e-02
6.590788998252410380e-01 7.516762385913536848e-01 2.445068797199700592e-02
-6.590788998252412600e-01 -7.516762385913540179e-01 2.445068797198279853e-02
6.575028150774606672e-01 7.498787217003912708e-01 -7.329359389606725228e-02
-6.543544145436012149e-01 -7.462879864007209152e-01 1.219612295824301224e-01
6.496412271341814870e-01 7.409126193777011427e-01 -1.703372139447763278e-01
-6.433745237043165810e-01 -7.337654749860700321e-01 2.183058633356206035e-01
6.355692901012179874e-01 7.248636445107510262e-01 -2.657524681857632576e-01
-6.262441913278814498e-01 -7.142284152957161236e-01 3.125635673143271620e-01
6.154215269086116269e-01 7.018852198385859831e-01 -3.586272192536600900e-01
-6.031271775631844578e-01 -6.878635749727753934e-01 4.038332699398848313e-01
5.893905433171451325e-01 6.721970112825921273e-01 -4.480736161291701269e-01
7.079286635878899725e-01 5.459551646422928783e-01 -4.480736161291701269e-01
-7.244280072476317889e-01 -5.586794719737558923e-01 4.038332699398978209e-01
7.391949939264552683e-01 5.700677841839827398e-01 -3.586272192536866243e-01
-7.521943106709622073e-01 -5.800928678944171635e-01 3.125635673143406512e-01
7.633948716356520059e-01 5.887307496755722624e-01 -2.657524681857632576e-01
-7.727698924198898034e-01 -5.959607733757611436e-01 2.183058633356344536e-01
7.802969541186368652e-01 6.017656495170730091e-01 -1.703372139447903444e-01
-7.859580569337776268e-01 -6.061314966404723892e-01 1.219612295824442222e-01
7.897396632178396159e-01 6.090478745011507211e-01 -7.329359389608142150e-02
-7.916327298471723672e-01 -6.105078090347492159e-01 2.445068797199700592e-02
7.916327298471725893e-01 6.105078090347494379e-01 2.445068797198279853e-02
-7.897396632178405040e-01 -6.090478745011514983e-01 -7.329359389606725228e-02
7.859580569337790701e-01 6.061314966404734994e-01 1.219612295824301224e-01
-7.802969541186387525e-01 -6.017656495170744524e-01 -1.703372139447763278e-01
7.727698924198922459e-01 5.959607733757629200e-01 2.183058633356206035e-01
-7.633948716356520059e-01 -5.887307496755722624e-01 -2.657524681857632576e-01
7.521943106709656490e-01 5.800928678944199390e-01 3.125635673143271620e-01
-7.391949939264633729e-01 -5.700677841839889570e-01 -3.586272192536600900e-01
7.244280072476363408e-01 5.586794719737593340e-01 4.038332699398848313e-01
-7.079286635878899725e-01 -5.459551646422928783e-01 -4.480736161291701269e-01
-7.999042561700336895e-01 -3.992282749129802411e-01 -4.480736161291701269e-01
8.185472295319973224e-01 4.085328911056503309e-01 4.038332699398978209e-01
-8.352327744219741890e-01 -4.168605643878294242e-01 -3.586272192536866243e-01
8.499209899528070711e-01 4.241913804232400609e-01 3.125635673143406512e-01
-8.625767515400549756e-01 -4.305078087047679025e-01 -2.657524681857632576e-01
8.731697948969769918e-01 4.357947444759452948e-01 2.183058633356344536e-01
-8.816747884068698582e-01 -4.400395448516278285e-01 -1.703372139447903444e-01
8.880713936996927904e-01 4.432320590514898795e-01 1.219612295824442222e-01
-8.923443142881172241e-01 -4.453646526740374645e-01 -7.329359389608142150e-02
8.944833321466993947e-01 4.464322259530928427e-01 2.445068797199700592e-02
-8.944833321466997278e-01 -4.464322259530930093e-01 2.445068797198279853e-02
8.923443142881182233e-01 4.453646526740379641e-01 -7.329359389606725228e-02
-8.880713936996943447e-01 -4.432320590514907122e-01 1.219612295824301224e-01
8.816747884068720786e-01 4.400395448516289387e-01 -1.703372139447763278e-01
-8.731697948969796563e-01 -4.357947444759466271e-01 2.183058633356206035e-01
8.625767515400549756e-01 4.305078087047679025e-01 -2.657524681857632576e-01
-8.499209899528110679e-01 -4.241913804232420038e-01 3.125635673143271620e-01
8.352327744219832928e-01 4.168605643878339762e-01 -3.586272192536600900e-01
-8.185472295320025404e-01 -4.085328911056528844e-01 4.038332699398848313e-01
7.999042561700336895e-01 3.992282749129802411e-01 -4.480736161291701269e-01
8.618662611612176727e-01 2.375217514269227226e-01 -4.480736161291701269e-01
-8.819533523655284091e-01 -2.430575535564688250e-01 4.038332699398978209e-01
8.999313892103594226e-01 2.480121213253111689e-01 -3.586272192536866243e-01
-9.157573800149365617e-01 -2.523736066547228596e-01 3.125635673143406512e-01
9.293934793820969320e-01 2.561315797304476449e-01 -2.657524681857632576e-01
-9.408070786996737267e-01 -2.592770539439798183e-01 2.183058633356344536e-01
9.499708841189233866e-01 2.618025073826410476e-01 -1.703372139447903444e-01
-9.568629818235234730e-01 -2.637019008170660705e-01 1.219612295824442222e-01
9.614668904330575527e-01 2.649706921430807216e-01 -7.329359389608142150e-02
-9.637716004156750005e-01 -2.656058472434380535e-01 2.445068797199700592e-02
9.637716004156753336e-01 2.656058472434381090e-01 2.445068797198279853e-02
-9.614668904330585519e-01 -2.649706921430810547e-01 -7.329359389606725228e-02
9.568629818235251383e-01 2.637019008170665701e-01 1.219612295824301224e-01
-9.499708841189257180e-01 -2.618025073826417137e-01 -1.703372139447763278e-01
9.408070786996766133e-01 2.592770539439805955e-01 2.183058633356206035e-01
-9.293934793820969320e-01 -2.561315797304476449e-01 -2.657524681857632576e-01
9.157573800149408916e-01 2.523736066547240253e-01 3.125635673143271620e-01
-8.999313892103693036e-01 -2.480121213253138612e-01 -3.586272192536600900e-01
8.819533523655339602e-01 2.430575535564703515e-01 4.038332699398848313e-01
-8.618662611612176727e-01 -2.375217514269227226e-01 -4.480736161291701269e-01
-8.914897727370637570e-01 -6.690306147066354958e-02 -4.480736161291701269e-01
9.122672844922546931e-01 6.846233807559545803e-02 4.038332699398978209e-01
-9.308632508310030751e-01 -6.985789764017458214e-02 -3.586272192536866243e-01
9.472332023901954834e-01 7.108640290061513101e-02 3.125635673143406512e-01
-9.613379929750723862e-01 -7.214491607753430180e-02 -2.657524681857632576e-01
9.731438931712689255e-01 7.303090590119502845e-02 2.183058633356344536e-01
-9.826226710034661194e-01 -7.374225366464412512e-02 -1.703372139447903444e-01
9.897516594477721030e-01 7.427725829027062576e-02 1.219612295824442222e-01
-9.945138106363867747e-01 -7.463464039766856684e-02 -7.329359389608142150e-02
9.968977366249273109e-01 7.481354536307625869e-02 2.445068797199700592e-02
-9.968977366249276439e-01 -7.481354536307628644e-02 2.445068797198279853e-02
9.945138106363878849e-01 7.463464039766865010e-02 -7.329359389606725228e-02
-9.897516594477738794e-01 -7.427725829027076454e-02 1.219612295824301224e-01
9.826226710034685619e-01 7.374225366464430553e-02 -1.703372139447763278e-01
-9.731438931712719231e-01 -7.303090590119525050e-02 2.183058633356206035e-01
9.613379929750723862e-01 7.214491607753430180e-02 -2.657524681857632576e-01
-9.472332023901999243e-01 -7.108640290061546407e-02 3.125635673143271620e-01
9.308632508310132891e-01 6.985789764017534542e-02 -3.586272192536600900e-01
-9.122672844922604662e-01 -6.846233807559588824e-02 4.038332699398848313e-01
8.914897727370637570e-01 6.690306147066354958e-02 -4.480736161291701269e-01
8.876632730470602750e-01 -1.062259300373931958e-01 -4.480736161291701269e-01
-9.083516024641901110e-01 1.087016853153048301e-01 4.038332699398978209e-01
9.268677502098299215e-01 -1.109174974083732557e-01 -3.586272192536866243e-01
-9.431674377946255294e-01 1.128680675463833161e-01 3.125635673143406512e-01
9.572116870491909069e-01 -1.145487312440285760e-01 -2.657524681857632576e-01
-9.689669133343427054e-01 1.159554694553030507e-01 2.183058633356344536e-01
9.784050058535438410e-01 -1.170849181844248604e-01 -1.703372139447903444e-01
-9.855033948755049789e-01 1.179343765303094288e-01 1.219612295824442222e-01
9.902451057061881778e-01 -1.185018131453545454e-01 -7.329359389608142150e-02
-9.926187992811495997e-01 1.187858710930924655e-01 2.445068797199700592e-02
9.926187992811499328e-01 -1.187858710930925071e-01 2.445068797198279853e-02
-9.902451057061892881e-01 1.185018131453546841e-01 -7.329359389606725228e-02
9.855033948755067552e-01 -1.179343765303096370e-01 1.219612295824301224e-01
-9.784050058535462835e-01 1.170849181844251519e-01 -1.703372139447763278e-01
9.689669133343457030e-01 -1.159554694553034115e-01 2.183058633356206035e-01
-9.572116870491909069e-01 1.145487312440285760e-01 -2.657524681857632576e-01
9.431674377946299703e-01 -1.128680675463838434e-01 3.125635673143271620e-01
-9.268677502098400245e-01 1.109174974083744630e-01 -3.586272192536600900e-01
9.083516024641957731e-01 -1.087016853153055101e-01 4.038332699398848313e-01
-8.876632730470602750e-01 1.062259300373931958e-01 -4.480736161291701269e-01
-8.505303380038575778e-01 2.753691679617976118e-01 -4.480736161291701269e-01
8.703532284468574742e-01 -2.817870611326606101e-01 4.038332699398978209e-01
-8.880948044237126915e-01 2.875311043452091209e-01 -3.586272192536866243e-01
9.037126397130618161e-01 -2.925875616129015033e-01 3.125635673143406512e-01
-9.171693866893024794e-01 2.969443412041111174e-01 -2.657524681857632576e-01
9.284328656336340302e-01 -3.005910245576233764e-01 2.183058633356344536e-01
-9.374761416868523378e-01 3.035188911970050918e-01 -1.703372139447903444e-01
9.442775892598797016e-01 -3.057209395842688804e-01 1.219612295824442222e-01
-9.488209437479995234e-01 3.071919038629626897e-01 -7.329359389608142150e-02
9.510953404251306642e-01 -3.079282664506471923e-01 2.445068797199700592e-02
-9.510953404251309973e-01 3.079282664506473033e-01 2.445068797198279853e-02
9.488209437480005226e-01 -3.071919038629630228e-01 -7.329359389606725228e-02
-9.442775892598813670e-01 3.057209395842694355e-01 1.219612295824301224e-01
9.374761416868546693e-01 -3.035188911970058134e-01 -1.703372139447763278e-01
-9.284328656336369168e-01 3.005910245576242645e-01 2.183058633356206035e-01
9.171693866893024794e-01 -2.969443412041111174e-01 -2.657524681857632576e-01
-9.037126397130660349e-01 2.925875616129028356e-01 3.125635673143271620e-01
8.880948044237224615e-01 -2.875311043452122850e-01 -3.586272192536600900e-01
-8.703532284468629143e-01 2.817870611326623864e-01 4.038332699398848313e-01
8.505303380038575778e-01 -2.753691679617976118e-01 -4.480736161291701269e-01
7.814842501032446265e-01 -4.341801485207475997e-01 -4.480736161291701269e-01
-7.996979174829216275e-01 4.442993707660723435e-01 4.038332699398978209e-01
8.159992315906138272e-01 -4.533561201240102201e-01 -3.586272192536866243e-01
-8.303492103673585367e-01 4.613287387861694788e-01 3.125635673143406512e-01
8.427135380693397959e-01 -4.681981614742097841e-01 -2.657524681857632576e-01
-8.530626473286555544e-01 4.739479610314926150e-01 2.183058633356344536e-01
8.613717898590820266e-01 -4.785643877060724583e-01 -1.703372139447903444e-01
-8.676210956377545802e-01 4.820364020310919928e-01 1.219612295824442222e-01
8.717956204212379268e-01 -4.843557012239507742e-01 -7.329359389608142150e-02
-8.738853814823619448e-01 4.855167390411196382e-01 2.445068797199700592e-02
8.738853814823622779e-01 -4.855167390411198047e-01 2.445068797198279853e-02
-8.717956204212389260e-01 4.843557012239513293e-01 -7.329359389606725228e-02
8.676210956377561345e-01 -4.820364020310928255e-01 1.219612295824301224e-01
-8.613717898590842470e-01 4.785643877060736240e-01 -1.703372139447763278e-01
8.530626473286581080e-01 -4.739479610314940583e-01 2.183058633356206035e-01
-8.427135380693397959e-01 4.681981614742097841e-01 -2.657524681857632576e-01
8.303492103673624225e-01 -4.613287387861715882e-01 3.125635673143271620e-01
-8.159992315906227089e-01 4.533561201240152161e-01 -3.586272192536600900e-01
7.996979174829266235e-01 -4.442993707660751190e-01 4.038332699398848313e-01
-7.814842501032446265e-01 4.341801485207475997e-01 -4.480736161291701269e-01
-6.831157204097433322e-01 5.767000494693981238e-01 -4.480736161291701269e-01
6.990367610599264037e-01 -5.901409126441725661e-01 4.038332699398978209e-01
-7.132861639478674798e-01 6.021705455524241080e-01 -3.586272192536866243e-01
7.258298538413560097e-01 -6.127601811968279577e-01 3.125635673143406512e-01
-7.366378344556872015e-01 6.218844961096957613e-01 -2.657524681857632576e-01
7.456842601851150221e-01 -6.295216709101132402e-01 2.183058633356344536e-01
-7.529474979086003827e-01 6.356534424815968309e-01 -1.703372139447903444e-01
7.584101787220585145e-01 -6.402651476454996882e-01 1.219612295824442222e-01
-7.620592394733926023e-01 6.433457582257231522e-01 -7.329359389608142150e-02
7.638859540009923510e-01 -6.448879074208863083e-01 2.445068797199700592e-02
-7.638859540009925730e-01 6.448879074208865303e-01 2.445068797198279853e-02
7.620592394733934904e-01 -6.433457582257238183e-01 -7.329359389606725228e-02
-7.584101787220598467e-01 6.402651476455007984e-01 1.219612295824301224e-01
7.529474979086022701e-01 -6.356534424815983852e-01 -1.703372139447763278e-01
-7.456842601851173535e-01 6.295216709101151276e-01 2.183058633356206035e-01
7.366378344556872015e-01 -6.218844961096957613e-01 -2.657524681857632576e-01
-7.258298538413593404e-01 6.127601811968308443e-01 3.125635673143271620e-01
7.132861639478752513e-01 -6.021705455524306583e-01 -3.586272192536600900e-01
-6.990367610599307335e-01 5.901409126441762298e-01 4.038332699398848313e-01
6.831157204097433322e-01 -5.767000494693981238e-01 -4.480736161291701269e-01
5.591156812560384992e-01 -6.975813139000535124e-01 -4.480736161291701269e-01
-5.721467142471878820e-01 7.138394969920032196e-01 4.038332699398978209e-01
5.838095473004283331e-01 -7.283906438795304528e-01 -3.586272192536866243e-01
-5.940762905632763768e-01 7.411999577565497876e-01 3.125635673143406512e-01
6.029223927149868212e-01 -7.522368071398859435e-01 -2.657524681857632576e-01
-6.103266996772206410e-01 7.614747991197049481e-01 2.183058633356344536e-01
6.162715052007345928e-01 -7.688918424740552870e-01 -1.703372139447903444e-01
-6.207425932071252150e-01 7.744702004965920983e-01 1.219612295824442222e-01
6.237292717843698764e-01 -7.781965334111530241e-01 -7.329359389608142150e-02
-6.252243987548730120e-01 7.800619302717595183e-01 2.445068797199700592e-02
6.252243987548732340e-01 -7.800619302717598513e-01 2.445068797198279853e-02
-6.237292717843706535e-01 7.781965334111538013e-01 -7.329359389606725228e-02
6.207425932071263253e-01 -7.744702004965935416e-01 1.219612295824301224e-01
-6.162715052007361471e-01 7.688918424740572855e-01 -1.703372139447763278e-01
6.103266996772225284e-01 -7.614747991197072796e-01 2.183058633356206035e-01
-6.029223927149868212e-01 7.522368071398859435e-01 -2.657524681857632576e-01
5.940762905632791524e-01 -7.411999577565532293e-01 3.125635673143271620e-01
-5.838095473004347724e-01 7.283906438795384464e-01 -3.586272192536600900e-01
5.721467142471914347e-01 -7.138394969920077715e-01 4.038332699398848313e-01
-5.591156812560384992e-01 6.975813139000535124e-01 -4.480736161291701269e-01
-4.141367970175410806e-01 7.922882984652624971e-01 -4.480736161291701269e-01
4.237888787703925075e-01 -8.107537704631307962e-01 4.038332699398978209e-01
-4.324275352895028957e-01 8.272804508350319885e-01 -3.586272192536866243e-01
4.400321085705199420e-01 -8.418288185936115831e-01 3.125635673143406512e-01
-4.465844134584268654e-01 8.543640835786390220e-01 -2.657524681857632576e-01
4.520687811345142082e-01 -8.648562696522689164e-01 2.183058633356344536e-01
-4.564720965859240809e-01 8.732802863823145856e-01 -1.703372139447903444e-01
4.597838299681653029e-01 -8.796159890421180183e-01 1.219612295824442222e-01
-4.619960617855995433e-01 8.838482267835313655e-01 -7.329359389608142150e-02
4.631035018296842942e-01 -8.859668788678161100e-01 2.445068797199700592e-02
-4.631035018296844608e-01 8.859668788678164431e-01 2.445068797198279853e-02
4.619960617856000429e-01 -8.838482267835323647e-01 -7.329359389606725228e-02
-4.597838299681661356e-01 8.796159890421195726e-01 1.219612295824301224e-01
4.564720965859251911e-01 -8.732802863823168060e-01 -1.703372139447763278e-01
-4.520687811345155960e-01 8.648562696522715809e-01 2.183058633356206035e-01
4.465844134584268654e-01 -8.543640835786390220e-01 -2.657524681857632576e-01
-4.400321085705219959e-01 8.418288185936154688e-01 3.125635673143271620e-01
4.324275352895076696e-01 -8.272804508350410924e-01 -3.586272192536600900e-01
-4.237888787703951721e-01 8.107537704631359032e-01 4.038332699398848313e-01
4.141367970175410806e-01 -7.922882984652624971e-01 -4.480736161291701269e-01
2.536188892821560348e-01 -8.572674574065053399e-01 -4.480736161291701269e-01
-2.595298594520322188e-01 8.772473665634215045e-01 4.038332699398978209e-01
2.648202043019587948e-01 -8.951294749944485041e-01 -3.586272192536866243e-01
-2.694772727945096147e-01 9.108710204167037583e-01 3.125635673143406512e-01
2.734899282742365156e-01 -9.244343593710305784e-01 -2.657524681857632576e-01
-2.768485750992500383e-01 9.357870572404805021e-01 2.183058633356344536e-01
2.795451815877051938e-01 -9.449019658126570631e-01 -1.703372139447903444e-01
-2.815732992243205057e-01 9.517572882004474710e-01 1.219612295824442222e-01
2.829280780809999563e-01 -9.563366309658895004e-01 -7.329359389608142150e-02
-2.836062784146821114e-01 9.586290433225304053e-01 2.445068797199700592e-02
2.836062784146822224e-01 -9.586290433225307384e-01 2.445068797198279853e-02
-2.829280780810002893e-01 9.563366309658904996e-01 -7.329359389606725228e-02
2.815732992243210053e-01 -9.517572882004491364e-01 1.219612295824301224e-01
-2.795451815877058599e-01 9.449019658126593946e-01 -1.703372139447763278e-01
2.768485750992509264e-01 -9.357870572404833887e-01 2.183058633356206035e-01
-2.734899282742365156e-01 9.244343593710305784e-01 -2.657524681857632576e-01
2.694772727945108914e-01 -9.108710204167079771e-01 3.125635673143271620e-01
-2.648202043019616814e-01 8.951294749944582740e-01 -3.586272192536600900e-01
2.595298594520338287e-01 -8.772473665634270557e-01 4.038332699398848313e-01
-2.536188892821560348e-01 8.572674574065053399e-01 -4.480736161291701269e-01
